,ATIVO,Data,Lucro Liquido,LPA,Receita Operacional Liquida,P/L,P/VPA,P/SALES,ROE
0,VALE3,2011,37813723.0,7.27,103195407.0,5.42,1.4,1.99,28.44
1,VALE3,2012,9733696.0,1.9,93511482.0,22.26,1.43,2.32,6.11
2,VALE3,2013,115091.0,0.02,101489747.0,1598.97,1.24,1.81,-0.17
3,VALE3,2014,954384.0,0.19,88274564.0,118.31,0.77,1.28,0.15
4,VALE3,2015,-44212187.0,-8.58,85499184.0,-1.52,0.51,0.79,-31.83
5,VALE3,2016,13311455.0,2.58,94633264.0,9.94,1.04,1.4,9.74
6,VALE3,2017,17627201.0,3.4,108532022.0,11.84,1.46,1.92,12.54
7,VALE3,2018,25656526.0,4.95,134483126.0,10.31,1.53,1.97,16.02
8,VALE3,2019,-6671445.0,-1.3,148639921.0,-40.97,1.69,1.84,-5.26
9,VALE3,2020,26712713.0,5.21,208528759.0,16.79,2.41,2.15,14.73
10,VALE3,2021,70658945.0,17.76,157148006.0,5.61,2.41,1.74,45.58
11,PETR4,2011,33313097.0,2.55,244176142.0,8.41,0.85,1.15,10.31
12,PETR4,2012,21182442.0,1.62,281379482.0,12.02,0.74,0.9,6.19
13,PETR4,2013,23570367.0,1.81,304889934.0,9.45,0.64,0.73,6.62
14,PETR4,2014,-21587000.0,-1.65,337260000.0,-6.05,0.42,0.39,-6.64
15,PETR4,2015,-34836000.0,-2.67,321638000.0,-2.51,0.34,0.27,-12.37
16,PETR4,2016,-14824000.0,-1.14,282589000.0,-13.08,0.78,0.69,-5.11
17,PETR4,2017,-446000.0,-0.03,283695000.0,-470.89,0.8,0.74,0.14
18,PETR4,2018,25779000.0,1.98,349836000.0,11.48,1.07,0.85,9.65
19,PETR4,2019,40137000.0,3.08,302245000.0,9.81,1.33,1.3,14.06
20,PETR4,2020,7108000.0,0.54,272069000.0,52.01,1.2,1.36,2.05
21,PETR4,2021,44022000.0,7.85,196884000.0,3.51,1.01,1.05,33.91
22,ITUB4,2011,14620621.0,1.47,,10.54,2.15,,22.35
23,ITUB4,2012,13593940.0,1.37,,11.09,2.03,,19.04
24,ITUB4,2013,15695749.0,1.58,,9.92,1.92,,20.03
25,ITUB4,2014,20241564.0,2.04,,9.34,1.98,,22.68
26,ITUB4,2015,23359834.0,2.36,,6.76,1.46,,22.97
27,ITUB4,2016,21639125.0,2.21,,10.2,1.91,,18.26
28,ITUB4,2017,23964551.0,2.45,,11.56,2.17,,17.87
29,ITUB4,2018,24977422.0,2.57,,13.8,2.62,,17.88
30,ITUB4,2019,26582639.0,2.73,,13.59,2.74,,18.71
31,ITUB4,2020,18909000.0,1.94,,16.32,2.26,,11.47
32,ITUB4,2021,12974000.0,2.57,,12.06,2.23,,17.46
33,BBDC4,2011,11028266.0,1.13,,10.62,2.11,,21.33
34,BBDC4,2012,11381244.0,1.17,,11.8,1.92,,18.05
35,BBDC4,2013,12011028.0,1.23,,10.17,1.72,,17.03
36,BBDC4,2014,15088818.0,1.55,,9.75,1.8,,19.81
37,BBDC4,2015,17189635.0,1.77,,5.64,1.09,,20.21
38,BBDC4,2016,15083578.0,1.55,,10.64,1.6,,15.97
39,BBDC4,2017,14657755.0,1.51,,14.05,1.86,,14.05
40,BBDC4,2018,19084953.0,1.96,,13.56,2.14,,16.54
41,BBDC4,2019,22582615.0,2.32,,12.87,2.17,,17.75
42,BBDC4,2020,16546577.0,1.7,,14.49,1.67,,12.01
43,BBDC4,2021,12127062.0,2.24,,10.43,1.55,,15.54
44,B3SA3,2011,1047999.0,0.18,2115983.0,18.29,0.98,9.06,5.42
45,B3SA3,2012,1074290.0,0.19,2064750.0,25.15,1.39,13.09,5.56
46,B3SA3,2013,1081516.0,0.19,2131795.0,19.65,1.09,9.97,5.58
47,B3SA3,2014,977053.0,0.18,2030433.0,18.65,0.94,8.97,5.11
48,B3SA3,2015,2202238.0,0.41,2216634.0,8.88,1.06,8.82,11.8
49,B3SA3,2016,1446263.0,0.27,2320781.0,20.37,1.55,12.7,7.73
50,B3SA3,2017,1296240.0,0.22,3673596.0,34.78,1.91,12.27,5.98
51,B3SA3,2018,2087444.0,0.34,4831915.0,26.23,2.19,11.33,8.46
52,B3SA3,2019,2714166.0,0.44,6576507.0,32.13,3.43,13.26,10.76
53,B3SA3,2020,4152304.0,0.68,9327395.0,30.23,5.1,13.46,16.63
54,B3SA3,2021,2449374.0,0.77,4814398.0,18.14,3.72,8.59,19.41
55,PETR3,2011,33313097.0,2.55,244176142.0,9.01,0.91,1.23,10.31
56,PETR3,2012,21182442.0,1.62,281379482.0,12.04,0.74,0.91,6.19
57,PETR3,2013,23570367.0,1.81,304889934.0,8.85,0.6,0.68,6.62
58,PETR3,2014,-21587000.0,-1.65,337260000.0,-5.8,0.41,0.37,-6.64
59,PETR3,2015,-34836000.0,-2.67,321638000.0,-3.21,0.44,0.35,-12.37
60,PETR3,2016,-14824000.0,-1.14,282589000.0,-14.91,0.88,0.78,-5.11
61,PETR3,2017,-446000.0,-0.03,283695000.0,-494.58,0.84,0.78,0.14
62,PETR3,2018,25779000.0,1.98,349836000.0,12.85,1.2,0.95,9.65
63,PETR3,2019,40137000.0,3.08,302245000.0,10.4,1.41,1.38,14.06
64,PETR3,2020,7108000.0,0.54,272069000.0,52.94,1.22,1.38,2.05
65,PETR3,2021,44022000.0,7.85,196884000.0,3.62,1.04,1.08,33.91
66,VIIA3,2011,90465.0,0.07,21016716.0,55.29,1.9,0.24,3.96
67,VIIA3,2012,320709.0,0.25,22846250.0,18.11,1.97,0.25,11.36
68,VIIA3,2013,1159542.0,0.9,21755945.0,8.36,2.45,0.45,32.95
69,VIIA3,2014,938000.0,0.73,22674000.0,9.36,1.86,0.39,21.65
70,VIIA3,2015,14000.0,0.01,19268000.0,133.69,0.44,0.1,0.31
71,VIIA3,2016,-95000.0,-0.07,19819000.0,-48.92,1.66,0.23,-2.69
72,VIIA3,2017,195000.0,0.15,25690000.0,52.51,3.46,0.4,6.76
73,VIIA3,2018,-267000.0,-0.21,26928000.0,-21.26,2.25,0.21,-9.74
74,VIIA3,2019,-1433000.0,-1.11,25655000.0,-10.1,25.1,0.56,-92.42
75,VIIA3,2020,1004000.0,0.69,28901000.0,23.55,4.32,0.82,30.62
76,VIIA3,2021,312000.0,0.78,15423000.0,14.57,2.32,0.55,21.81
77,MGLU3,2011,11666.0,0.0,6419371.0,142.56,2.87,0.26,3.49
78,MGLU3,2012,-6745.0,-0.0,7665112.0,-335.94,3.68,0.3,-1.09
79,MGLU3,2013,113806.0,0.02,8088439.0,12.37,2.0,0.17,17.37
80,MGLU3,2014,128556.0,0.02,9779385.0,10.9,1.83,0.14,17.74
81,MGLU3,2015,-65605.0,-0.01,8978259.0,-5.97,0.67,0.04,-9.86
82,MGLU3,2016,86565.0,0.02,9508745.0,26.55,3.63,0.24,14.46
83,MGLU3,2017,389022.0,0.07,11984250.0,36.1,7.32,1.17,28.86
84,MGLU3,2018,597429.0,0.1,15590444.0,57.24,14.81,2.19,27.3
85,MGLU3,2019,921828.0,0.15,19886310.0,79.06,10.21,3.66,18.68
86,MGLU3,2020,391709.0,0.06,29177113.0,412.84,22.01,5.54,5.26
87,MGLU3,2021,354177.0,0.12,17266121.0,159.66,17.09,3.49,10.6
88,CSNA3,2011,3706033.0,2.54,16519584.0,5.89,2.73,1.32,45.16
89,CSNA3,2012,-420113.0,-0.29,16896264.0,-41.16,2.01,1.02,-5.52
90,CSNA3,2013,509025.0,0.35,17312432.0,41.19,2.59,1.21,6.25
91,CSNA3,2014,-105218.0,-0.07,16126232.0,-72.71,1.28,0.47,-1.63
92,CSNA3,2015,1617793.0,1.19,15331852.0,3.36,0.71,0.35,22.33
93,CSNA3,2016,-934747.0,-0.69,17148949.0,-15.75,2.38,0.86,-10.58
94,CSNA3,2017,10272.0,0.01,18524601.0,1107.16,1.62,0.61,1.42
95,CSNA3,2018,5074136.0,3.71,22968885.0,2.38,1.4,0.53,56.83
96,CSNA3,2019,1789067.0,1.3,25436417.0,10.88,1.91,0.77,21.0
97,CSNA3,2020,3794295.0,2.75,30064020.0,11.58,4.43,1.46,37.97
98,CSNA3,2021,10205786.0,10.88,27304901.0,3.55,2.45,1.16,107.13
99,ABEV3,2011,8640976.0,0.56,27126719.0,19.65,6.65,6.26,34.61
100,ABEV3,2012,10508066.0,0.67,32231027.0,24.86,9.07,8.11,38.18
101,ABEV3,2013,9534969.0,0.61,34791391.0,28.44,6.32,7.8,30.72
102,ABEV3,2014,12065512.0,0.77,38079786.0,21.07,6.04,6.68,28.21
103,ABEV3,2015,12423771.0,0.79,46720141.0,22.56,5.79,6.0,27.41
104,ABEV3,2016,12546610.0,0.8,45602561.0,20.51,5.74,5.64,26.98
105,ABEV3,2017,7331968.0,0.47,47899276.0,45.58,7.27,6.98,16.59
106,ABEV3,2018,11024678.0,0.7,50231336.0,21.93,4.29,4.81,21.56
107,ABEV3,2019,11779965.0,0.75,52599709.0,24.92,4.79,5.58,20.3
108,ABEV3,2020,11379394.0,0.72,58378995.0,21.64,3.34,4.22,17.04
109,ABEV3,2021,5511194.0,0.93,32350902.0,18.99,3.51,4.16,19.16
110,GGBR4,2011,2005727.0,1.22,35406780.0,11.92,0.99,0.68,8.99
111,GGBR4,2012,1425633.0,0.84,37981668.0,21.41,1.12,0.8,5.41
112,GGBR4,2013,1583731.0,0.93,39863037.0,19.69,1.03,0.78,5.57
113,GGBR4,2014,1402873.0,0.82,42546339.0,11.64,0.51,0.38,4.56
114,GGBR4,2015,-4551438.0,-2.69,43581241.0,-1.73,0.25,0.18,-14.09
115,GGBR4,2016,-2890811.0,-1.7,37651667.0,-6.35,0.77,0.49,-10.26
116,GGBR4,2017,-359360.0,-0.21,36917619.0,-58.88,0.89,0.57,-1.41
117,GGBR4,2018,2303868.0,1.35,46159478.0,10.96,0.98,0.55,9.34
118,GGBR4,2019,1203736.0,0.71,39644010.0,28.19,1.26,0.86,4.58
119,GGBR4,2020,2365763.0,1.39,43814661.0,17.57,1.35,0.95,8.2
120,GGBR4,2021,6367890.0,4.82,35473100.0,6.0,1.37,0.8,24.87
121,BBAS3,2011,12125990.0,4.24,,5.59,1.17,,22.45
122,BBAS3,2012,12205120.0,4.26,,6.01,1.11,,19.61
123,BBAS3,2013,15757937.0,5.55,,4.39,0.99,,24.0
124,BBAS3,2014,11245814.0,4.01,,5.92,0.86,,16.65
125,BBAS3,2015,14399559.0,5.15,,2.86,0.52,,19.91
126,BBAS3,2016,8033556.0,2.88,,9.75,0.9,,11.51
127,BBAS3,2017,11010776.0,3.95,,8.05,0.9,,13.62
128,BBAS3,2018,12862026.0,4.62,,10.07,1.27,,14.19
129,BBAS3,2019,18162067.0,6.52,,8.1,1.41,,19.58
130,BBAS3,2020,12697385.0,4.45,,8.72,0.89,,12.12
131,BBAS3,2021,9749601.0,5.62,,5.44,0.61,,13.47
132,SUZB3,2011,29891.0,0.08,4847988.0,,,,0.33
133,SUZB3,2012,-182126.0,-0.26,5192292.0,,,,-1.76
134,SUZB3,2013,-220459.0,-0.2,5688625.0,,,,-2.03
135,SUZB3,2014,-261506.0,-0.24,7264599.0,,,,-2.49
136,SUZB3,2015,-925354.0,-0.85,10224361.0,,,,-9.49
137,SUZB3,2016,1691998.0,1.55,9882313.0,,,,17.5
138,SUZB3,2017,1807433.0,1.66,10520790.0,11.29,1.76,1.94,16.61
139,SUZB3,2018,318339.0,0.29,13437329.0,130.79,3.47,3.1,2.69
140,SUZB3,2019,-2817518.0,-2.09,26012950.0,-18.97,2.98,2.05,-18.69
141,SUZB3,2020,-10724828.0,-7.95,30460277.0,-7.36,10.92,2.59,-84.29
142,SUZB3,2021,7277867.0,8.92,18733605.0,6.62,5.5,2.33,139.99
143,BPAC11,2011,1477020.0,0.15,,,,,
144,BPAC11,2012,2061237.0,0.2,,,,,24.88
145,BPAC11,2013,2669689.0,0.25,,,,,24.52
146,BPAC11,2014,3369246.0,0.31,,,,,22.7
147,BPAC11,2015,5623498.0,0.51,,,,,30.98
148,BPAC11,2016,3408583.0,0.29,,,,,17.78
149,BPAC11,2017,2383863.0,0.22,,7.3,0.91,,13.02
150,BPAC11,2018,2360784.0,0.22,,8.84,1.09,,12.58
151,BPAC11,2019,3828312.0,0.37,,17.36,3.1,,18.95
152,BPAC11,2020,3976382.0,0.37,,20.99,3.19,,15.89
153,BPAC11,2021,2854896.0,0.46,,20.64,3.13,,16.15
154,LREN3,2011,336907.0,0.45,3238543.0,17.59,5.15,1.83,30.96
155,LREN3,2012,355401.0,0.48,3862508.0,27.63,7.58,2.54,28.89
156,LREN3,2013,407404.0,0.54,4370328.0,18.69,5.14,1.74,29.11
157,LREN3,2014,471420.0,0.62,5216820.0,20.47,5.25,1.85,28.16
158,LREN3,2015,578838.0,0.75,6145198.0,18.86,4.73,1.78,27.79
159,LREN3,2016,625058.0,0.81,6451578.0,23.76,5.65,2.3,25.27
160,LREN3,2017,732679.0,0.94,7444305.0,34.35,7.84,3.38,25.01
161,LREN3,2018,1020136.0,1.3,8426541.0,29.68,7.7,3.59,28.42
162,LREN3,2019,1099093.0,1.39,9588437.0,40.47,9.48,4.64,25.39
163,LREN3,2020,1096269.0,1.38,7537180.0,31.49,6.28,4.58,21.48
164,LREN3,2021,45370.0,0.39,4069798.0,99.62,3.73,3.53,4.29
165,NTCO3,2011,830901.0,0.97,5591374.0,18.78,12.42,2.79,66.27
166,NTCO3,2012,861222.0,1.0,6345669.0,29.2,19.27,3.96,67.38
167,NTCO3,2013,842608.0,0.98,7010311.0,21.09,15.49,2.53,68.53
168,NTCO3,2014,732818.0,0.85,7408422.0,18.65,12.16,1.84,63.98
169,NTCO3,2015,513513.0,0.6,7899002.0,19.63,9.83,1.28,46.96
170,NTCO3,2016,296699.0,0.34,7912664.0,33.38,9.94,1.25,29.72
171,NTCO3,2017,670251.0,0.78,9852708.0,21.23,8.7,1.44,50.95
172,NTCO3,2018,548379.0,0.64,13397419.0,35.33,7.53,1.45,26.06
173,NTCO3,2019,155467.0,0.18,14444690.0,214.75,9.96,2.31,5.24
174,NTCO3,2020,-650196.0,-0.52,36921980.0,-100.39,2.64,1.77,-4.32
175,NTCO3,2021,79675.0,0.48,18972239.0,112.18,2.79,1.73,2.54
176,USIM5,2011,233077.0,0.24,11901959.0,42.99,0.58,0.84,2.12
177,USIM5,2012,-639574.0,-0.65,12708799.0,-19.76,0.76,0.99,-2.83
178,USIM5,2013,-141678.0,-0.14,12829467.0,-99.05,0.84,1.09,0.09
179,USIM5,2014,129552.0,0.13,11741629.0,38.49,0.3,0.42,1.11
180,USIM5,2015,-3236105.0,-3.28,10185570.0,-0.47,0.11,0.15,-21.83
181,USIM5,2016,-669952.0,-0.61,8454200.0,-6.74,0.37,0.53,-3.82
182,USIM5,2017,233015.0,0.19,10734118.0,47.91,0.81,1.04,2.07
183,USIM5,2018,726658.0,0.59,13736780.0,15.59,0.79,0.82,5.37
184,USIM5,2019,213265.0,0.17,14948719.0,54.82,0.83,0.78,2.41
185,USIM5,2020,672790.0,0.55,16088052.0,26.7,1.21,1.12,7.97
186,USIM5,2021,5099843.0,5.46,16662101.0,3.29,1.11,0.83,41.69
187,BRDT3,2011,,,,,,,
188,BRDT3,2012,,,,,,,
189,BRDT3,2013,,,,,,,
190,BRDT3,2014,1123000.0,0.96,98528000.0,,,,
191,BRDT3,2015,-1161000.0,-1.0,97280000.0,,,,-10.53
192,BRDT3,2016,-315000.0,-0.27,86637000.0,,,,-3.63
193,BRDT3,2017,1151000.0,0.99,84567000.0,17.31,2.26,0.24,14.18
194,BRDT3,2018,3193000.0,2.74,97770000.0,9.38,3.09,0.31,34.5
195,BRDT3,2019,2211000.0,1.9,94985000.0,15.84,4.0,0.37,23.96
196,BRDT3,2020,3905000.0,3.35,81501000.0,6.6,2.11,0.32,37.24
197,BRDT3,2021,874000.0,3.74,55156000.0,7.03,2.6,0.3,40.37
198,RENT3,2011,291642.0,0.43,2918130.0,17.29,4.5,1.73,28.89
199,RENT3,2012,240936.0,0.35,3166800.0,30.77,5.61,2.34,19.71
200,RENT3,2013,384344.0,0.56,3506235.0,17.99,5.15,1.97,28.83
201,RENT3,2014,410589.0,0.6,3892216.0,18.07,4.48,1.91,27.4
202,RENT3,2015,402427.0,0.58,3928095.0,12.77,2.64,1.31,22.38
203,RENT3,2016,409315.0,0.59,4439273.0,17.41,3.24,1.61,19.78
204,RENT3,2017,505676.0,0.73,6058279.0,28.71,5.6,2.4,21.08
205,RENT3,2018,659208.0,0.95,7895804.0,29.84,6.36,2.49,23.15
206,RENT3,2019,833938.0,1.11,10195637.0,42.61,6.58,3.49,19.53
207,RENT3,2020,1048180.0,1.39,10307615.0,49.47,8.56,5.03,18.23
208,RENT3,2021,930158.0,2.21,5492830.0,25.86,6.25,3.75,26.9
209,JBSS3,2011,-75705.0,-0.03,61796761.0,-217.76,0.87,0.27,-1.6
210,JBSS3,2012,718938.0,0.25,75696710.0,24.24,0.83,0.23,3.55
211,JBSS3,2013,926907.0,0.32,92902798.0,27.09,1.15,0.27,5.02
212,JBSS3,2014,2035910.0,0.71,120469719.0,15.85,1.34,0.27,9.82
213,JBSS3,2015,4640114.0,1.61,162914526.0,7.66,1.23,0.22,18.48
214,JBSS3,2016,375973.0,0.14,170380526.0,82.97,1.31,0.18,2.59
215,JBSS3,2017,534202.0,0.2,163169981.0,49.85,1.09,0.16,4.02
216,JBSS3,2018,25199.0,0.01,181680244.0,1247.33,1.2,0.17,0.78
217,JBSS3,2019,6068368.0,2.28,204523575.0,11.33,2.32,0.34,21.4
218,JBSS3,2020,4598311.0,1.73,270204212.0,13.7,1.54,0.23,12.25
219,JBSS3,2021,6427983.0,5.22,160878145.0,6.08,1.9,0.27,32.02
220,ITSA4,2011,4837000.0,0.62,5094000.0,10.26,1.69,9.74,17.46
221,ITSA4,2012,4539000.0,0.58,5653000.0,10.35,1.56,8.31,15.51
222,ITSA4,2013,5698000.0,0.72,5289000.0,8.47,1.47,9.12,17.5
223,ITSA4,2014,7911000.0,0.98,5021000.0,7.21,1.46,11.37,20.87
224,ITSA4,2015,8868000.0,1.09,4885000.0,5.23,1.04,9.5,19.96
225,ITSA4,2016,8211000.0,1.01,4687000.0,7.49,1.28,13.11,16.67
226,ITSA4,2017,8403000.0,1.02,4969000.0,9.6,1.52,16.23,15.94
227,ITSA4,2018,9436000.0,1.15,5375000.0,10.52,1.84,18.47,16.99
228,ITSA4,2019,10312000.0,1.23,5008000.0,11.49,2.15,23.66,18.15
229,ITSA4,2020,7056000.0,0.84,5880000.0,13.98,1.72,16.78,12.34
230,ITSA4,2021,5721000.0,1.33,3742000.0,8.64,1.58,13.01,19.9
231,GNDI3,2011,,,,,,,
232,GNDI3,2012,,,,,,,
233,GNDI3,2013,,,,,,,
234,GNDI3,2014,,,,,,,
235,GNDI3,2015,58330.0,0.12,2984531.0,,,,
236,GNDI3,2016,85736.0,0.18,4139730.0,,,,8.21
237,GNDI3,2017,238165.0,0.51,5304923.0,,,,19.42
238,GNDI3,2018,334073.0,0.69,6135217.0,42.03,6.57,2.29,18.1
239,GNDI3,2019,423583.0,0.79,8412439.0,86.14,6.46,4.34,9.73
240,GNDI3,2020,736188.0,1.22,10673268.0,64.36,6.72,4.44,10.92
241,GNDI3,2021,-75908.0,0.45,6099940.0,182.68,7.08,4.35,3.95
242,BIDI11,2011,,,,,,,
243,BIDI11,2012,,,,,,,
244,BIDI11,2013,,,,,,,
245,BIDI11,2014,,,,,,,
246,BIDI11,2015,,,,,,,
247,BIDI11,2016,,,,,,,
248,BIDI11,2017,,,,,,,
249,BIDI11,2018,69835.0,0.26,,,,,
250,BIDI11,2019,81569.0,0.04,,123.39,4.99,,5.18
251,BIDI11,2020,-7197.0,-0.0,,-3298.57,7.56,,0.2
252,BIDI11,2021,24522.0,0.01,,1876.93,6.67,,0.92
253,WEGE3,2011,586936.0,0.14,5189409.0,19.85,3.06,2.25,16.29
254,WEGE3,2012,655979.0,0.16,6173878.0,25.52,4.12,2.71,16.5
255,WEGE3,2013,843467.0,0.2,6828896.0,22.91,4.24,2.83,19.22
256,WEGE3,2014,954726.0,0.23,7840757.0,25.85,4.88,3.15,19.68
257,WEGE3,2015,1156065.0,0.28,9760323.0,20.86,4.0,2.47,20.64
258,WEGE3,2016,1117624.0,0.27,9367008.0,22.37,4.19,2.67,18.45
259,WEGE3,2017,1142149.0,0.27,9523830.0,34.05,5.79,4.08,17.67
260,WEGE3,2018,1338319.0,0.32,11970090.0,27.48,4.77,3.07,18.29
261,WEGE3,2019,1614581.0,0.38,13347434.0,45.02,8.34,5.45,19.45
262,WEGE3,2020,2340873.0,0.56,17469557.0,67.87,13.74,9.09,22.97
263,WEGE3,2021,1898967.0,0.78,10825085.0,45.54,12.5,7.29,29.16
264,CSAN3,2011,2456280.0,1.62,18302945.0,3.73,1.22,0.48,37.87
265,CSAN3,2012,608475.0,0.42,21554967.0,22.29,1.74,0.62,7.86
266,CSAN3,2013,234150.0,0.15,6878214.0,60.73,1.65,1.04,4.74
267,CSAN3,2014,292023.0,0.18,8146863.0,39.99,1.33,1.43,4.96
268,CSAN3,2015,666584.0,0.41,8451901.0,15.34,1.16,1.21,7.75
269,CSAN3,2016,1036085.0,0.64,7541793.0,14.95,1.73,2.05,11.92
270,CSAN3,2017,1315324.0,0.81,7670777.0,12.84,1.78,2.2,14.32
271,CSAN3,2018,1652321.0,1.03,10299099.0,8.09,1.32,1.3,17.94
272,CSAN3,2019,2425405.0,1.54,13560445.0,11.26,2.58,2.01,22.59
273,CSAN3,2020,851858.0,0.55,13508787.0,34.35,2.67,2.17,8.05
274,CSAN3,2021,1581163.0,1.52,11273907.0,14.77,4.07,1.96,17.3
275,PRIO3,2011,-304035.0,-1.14,9937.0,-10.01,0.86,306.21,-9.31
276,PRIO3,2012,-277566.0,-0.94,6746.0,-5.01,0.38,206.14,-7.37
277,PRIO3,2013,-2237870.0,-7.54,4395.0,-0.12,0.19,61.42,-87.52
278,PRIO3,2014,-1003073.0,-3.37,486839.0,-0.14,0.22,0.28,-96.62
279,PRIO3,2015,110421.0,0.31,253071.0,0.78,0.18,0.34,14.38
280,PRIO3,2016,241622.0,0.37,397871.0,1.19,0.34,0.72,27.64
281,PRIO3,2017,30627.0,0.05,533922.0,34.48,1.19,1.98,3.61
282,PRIO3,2018,204875.0,0.33,848920.0,5.98,1.2,1.44,21.95
283,PRIO3,2019,842346.0,1.3,1644346.0,5.07,2.04,2.6,53.12
284,PRIO3,2020,452766.0,0.67,1904185.0,20.95,3.05,4.98,17.04
285,PRIO3,2021,355110.0,1.3,1678171.0,14.68,2.95,4.67,24.22
286,ELET3,2011,3732565.0,2.77,33061356.0,6.43,0.31,0.73,5.09
287,ELET3,2012,-6878915.0,-5.09,39538861.0,-1.24,0.13,0.22,-9.59
288,ELET3,2013,-6286663.0,-4.65,28186399.0,-1.26,0.13,0.28,-9.83
289,ELET3,2014,-3031055.0,-2.24,30244854.0,-2.59,0.14,0.26,-5.04
290,ELET3,2015,-14441607.0,-10.68,32588838.0,-0.54,0.19,0.24,-30.34
291,ELET3,2016,3425899.0,2.53,60748853.0,9.01,0.7,0.51,8.19
292,ELET3,2017,-1763805.0,-1.3,37876024.0,-14.83,0.62,0.69,-3.98
293,ELET3,2018,13262378.0,9.8,24975747.0,2.47,0.59,1.31,27.03
294,ELET3,2019,10697124.0,7.91,27725527.0,4.78,0.72,1.84,16.87
295,ELET3,2020,6338688.0,4.11,29080513.0,8.92,0.78,1.94,8.8
296,ELET3,2021,4119939.0,3.56,16167678.0,10.97,0.81,2.25,7.41
297,LAME4,2011,340438.0,0.1,10201624.0,31.45,15.45,1.05,35.55
298,LAME4,2012,410193.0,0.12,11334061.0,42.63,21.4,1.54,29.78
299,LAME4,2013,462891.0,0.14,13401172.0,32.13,12.67,1.11,30.3
300,LAME4,2014,427832.0,0.12,16145669.0,47.72,12.14,1.26,15.66
301,LAME4,2015,250249.0,0.07,17926155.0,91.47,13.08,1.28,2.15
302,LAME4,2016,211657.0,0.06,18103512.0,113.42,12.18,1.33,0.91
303,LAME4,2017,237628.0,0.06,17044716.0,111.62,5.88,1.56,1.75
304,LAME4,2018,380490.0,0.1,17689862.0,82.64,6.39,1.78,3.67
305,LAME4,2019,704054.0,0.18,18956331.0,58.9,8.12,2.19,8.51
306,LAME4,2020,394008.0,0.1,21291412.0,114.64,3.98,2.12,2.71
307,LAME4,2021,91760.0,0.12,12186380.0,48.3,4.09,1.06,3.74
308,AZUL4,2011,,,,,,,
309,AZUL4,2012,,,,,,,
310,AZUL4,2013,,,,,,,
311,AZUL4,2014,,,,,,,
312,AZUL4,2015,,,,,,,
313,AZUL4,2016,-126314.0,-0.47,6669891.0,,,,
314,AZUL4,2017,529039.0,1.69,7789497.0,15.93,3.17,1.08,27.59
315,AZUL4,2018,420277.0,1.25,9153357.0,28.84,3.85,1.32,14.02
316,AZUL4,2019,-2403086.0,-7.06,11442317.0,-8.25,-5.66,1.73,
317,AZUL4,2020,-10834709.0,-31.7,5744126.0,-1.24,-0.95,2.34,
318,AZUL4,2021,-1624575.0,-9.27,3528188.0,-4.28,-0.86,2.24,
319,EMBR3,2011,156297.0,0.22,9858055.0,54.45,1.51,0.86,3.1
320,EMBR3,2012,697792.0,0.96,12201715.0,15.01,1.58,0.86,11.01
321,EMBR3,2013,777689.0,1.07,13635846.0,17.7,1.67,1.01,10.24
322,EMBR3,2014,796085.0,1.09,14935910.0,22.51,1.8,1.2,8.81
323,EMBR3,2015,241601.0,0.33,20301771.0,91.95,1.52,1.09,2.23
324,EMBR3,2016,585433.0,0.8,21435696.0,20.11,0.94,0.55,4.25
325,EMBR3,2017,795788.0,1.08,18713045.0,18.46,1.09,0.78,6.35
326,EMBR3,2018,-669025.0,-0.91,18721620.0,-23.78,1.07,0.85,-4.42
327,EMBR3,2019,-1316797.0,-1.79,10467931.0,-11.03,1.02,1.39,-8.67
328,EMBR3,2020,-3616014.0,-4.91,19641764.0,-1.8,0.44,0.33,-24.1
329,EMBR3,2021,-51627.0,-0.96,10374883.0,-23.5,1.2,0.69,-4.58
330,AMER3,2011,-89168.0,-0.66,4232137.0,-13.7,1.26,0.29,-13.07
331,AMER3,2012,-170667.0,-1.09,4812439.0,-15.65,2.75,0.55,-16.19
332,AMER3,2013,-159562.0,-1.02,6088500.0,-15.03,2.93,0.39,-17.74
333,AMER3,2014,-163313.0,-0.83,7963835.0,-26.91,1.86,0.55,-8.36
334,AMER3,2015,-418384.0,-1.63,9013779.0,-9.33,1.45,0.43,-14.46
335,AMER3,2016,-485860.0,-1.66,8601311.0,-6.15,1.13,0.35,-16.8
336,AMER3,2017,-411450.0,-1.0,7120777.0,-20.41,2.38,1.18,-11.79
337,AMER3,2018,-397427.0,-0.87,6488473.0,-48.09,5.43,2.95,-10.69
338,AMER3,2019,-318238.0,-0.68,6767982.0,-92.83,5.74,4.36,-6.86
339,AMER3,2020,-210758.0,-0.39,10124347.0,-191.5,4.46,3.99,-2.77
340,AMER3,2021,-186432.0,-0.39,7322176.0,-110.6,1.53,1.78,-2.02
341,BRFS3,2011,1367409.0,1.57,25706238.0,23.19,2.25,1.23,9.84
342,BRFS3,2012,813227.0,0.94,28517383.0,44.89,2.51,1.28,5.72
343,BRFS3,2013,1062430.0,1.22,30521246.0,40.0,2.9,1.39,7.29
344,BRFS3,2014,2225036.0,2.55,29006843.0,24.63,3.5,1.89,14.64
345,BRFS3,2015,3111170.0,3.66,32196601.0,14.93,3.28,1.44,21.21
346,BRFS3,2016,-372383.0,-0.46,33732866.0,-104.12,3.26,1.15,-2.82
347,BRFS3,2017,-1125572.0,-1.4,33469352.0,-26.08,2.65,0.88,-9.18
348,BRFS3,2018,-4448061.0,-5.48,30188421.0,-4.0,2.55,0.59,-46.42
349,BRFS3,2019,297612.0,0.37,33446980.0,95.98,3.62,0.85,3.79
350,BRFS3,2020,1383564.0,1.71,39469700.0,12.9,2.07,0.45,16.39
351,BRFS3,2021,-219700.0,1.12,22228878.0,21.35,2.32,0.44,11.69
352,KLBN11,2011,182721.0,0.04,3889151.0,,,,3.61
353,KLBN11,2012,751965.0,0.17,4163670.0,,,,14.49
354,KLBN11,2013,290097.0,0.07,4599337.0,,,,5.37
355,KLBN11,2014,730330.0,0.16,4893882.0,18.5,1.89,2.76,11.73
356,KLBN11,2015,-1253197.0,-0.27,5687589.0,-17.14,4.01,3.78,-20.2
357,KLBN11,2016,2481946.0,0.54,7090798.0,6.54,2.28,2.29,39.86
358,KLBN11,2017,532169.0,0.12,8373378.0,30.3,2.25,1.93,7.43
359,KLBN11,2018,137455.0,0.03,10016461.0,120.4,2.66,1.65,2.71
360,KLBN11,2019,675825.0,0.13,10271839.0,28.7,3.21,1.89,10.97
361,KLBN11,2020,-2487870.0,-0.46,11948794.0,-11.4,7.62,2.37,-43.9
362,KLBN11,2021,1030369.0,0.39,7542100.0,13.03,5.28,2.01,46.96
363,LWSA3,2011,,,,,,,
364,LWSA3,2012,,,,,,,
365,LWSA3,2013,,,,,,,
366,LWSA3,2014,,,,,,,
367,LWSA3,2015,,,,,,,
368,LWSA3,2016,-4971.0,-0.01,275779.0,,,,
369,LWSA3,2017,10066.0,0.03,293168.0,,,,21.85
370,LWSA3,2018,10886.0,0.03,314983.0,,,,19.5
371,LWSA3,2019,18071.0,0.05,385717.0,,,,24.19
372,LWSA3,2020,19740.0,0.04,488210.0,497.3,15.03,20.11,5.18
373,LWSA3,2021,-4801.0,0.02,345204.0,1103.67,4.88,21.6,0.66
374,BRKM5,2011,-525142.0,-0.66,33176160.0,-19.5,1.05,0.31,-5.08
375,BRKM5,2012,-731143.0,-0.92,35513397.0,-13.98,1.19,0.29,-7.93
376,BRKM5,2013,509697.0,0.64,40969490.0,32.8,2.22,0.41,6.2
377,BRKM5,2014,864064.0,1.09,46031389.0,16.12,2.31,0.3,10.7
378,BRKM5,2015,3140311.0,3.94,47282996.0,7.0,10.87,0.47,80.16
379,BRKM5,2016,-411472.0,-0.52,47663988.0,-66.26,9.96,0.57,-47.68
380,BRKM5,2017,4082990.0,5.13,49260594.0,8.36,5.24,0.69,111.54
381,BRKM5,2018,2866675.0,3.6,57999866.0,13.16,5.56,0.65,50.12
382,BRKM5,2019,-2797570.0,-3.51,52323525.0,-8.49,4.86,0.45,-58.79
383,BRKM5,2020,-6691720.0,-8.41,58543494.0,-2.8,-8.52,0.32,
384,BRKM5,2021,9917793.0,11.75,49113633.0,5.15,5.56,0.57,
385,RAIL3,2011,244945.0,0.36,3173215.0,,,,6.35
386,RAIL3,2012,237315.0,0.35,3568578.0,,,,5.82
387,RAIL3,2013,13029.0,0.02,3641426.0,,,,0.63
388,RAIL3,2014,-2037140.0,-2.98,3666224.0,,,,-59.8
389,RAIL3,2015,-1176643.0,-1.73,4148816.0,,,,-54.14
390,RAIL3,2016,-1063230.0,-0.48,4311713.0,,,,-26.57
391,RAIL3,2017,-260807.0,-0.19,5946349.0,-69.23,2.61,3.04,-3.77
392,RAIL3,2018,264357.0,0.17,6584936.0,100.26,3.3,4.02,3.35
393,RAIL3,2019,778237.0,0.5,7087840.0,52.29,4.88,5.74,9.3
394,RAIL3,2020,297163.0,0.18,6966159.0,107.81,2.38,4.6,2.55
395,RAIL3,2021,484386.0,0.36,3961845.0,52.2,2.25,4.42,5.41
396,BBDC3,2011,11028266.0,1.13,,8.74,1.74,,21.33
397,BBDC3,2012,11381244.0,1.17,,11.38,1.85,,18.05
398,BBDC3,2013,12011028.0,1.23,,11.17,1.89,,17.03
399,BBDC3,2014,15088818.0,1.55,,9.54,1.77,,19.81
400,BBDC3,2015,17189635.0,1.77,,6.0,1.16,,20.21
401,BBDC3,2016,15083578.0,1.55,,10.69,1.6,,15.97
402,BBDC3,2017,14657755.0,1.51,,13.31,1.77,,14.05
403,BBDC3,2018,19084953.0,1.96,,11.87,1.87,,16.54
404,BBDC3,2019,22582615.0,2.32,,12.12,2.05,,17.75
405,BBDC3,2020,16546577.0,1.7,,12.92,1.49,,12.01
406,BBDC3,2021,12127062.0,2.24,,8.99,1.34,,15.54
407,COGN3,2011,37375.0,0.06,734553.0,,,,3.26
408,COGN3,2012,202044.0,0.05,1405566.0,113.05,2.76,16.25,10.86
409,COGN3,2013,516571.0,0.48,2015942.0,20.36,4.02,5.22,21.24
410,COGN3,2014,1000600.0,0.74,3774475.0,20.81,2.2,5.52,14.23
411,COGN3,2015,1396134.0,0.86,5265058.0,11.06,1.24,2.93,11.68
412,COGN3,2016,1864635.0,1.15,5244718.0,11.57,1.56,4.11,14.17
413,COGN3,2017,1882316.0,1.16,5557748.0,15.92,1.98,5.39,12.96
414,COGN3,2018,1403747.0,0.86,6060708.0,10.33,0.91,2.39,8.92
415,COGN3,2019,235244.0,0.14,7027194.0,79.29,1.18,2.65,1.52
416,COGN3,2020,-5805835.0,-3.15,5269144.0,-1.47,0.66,1.62,-38.55
417,COGN3,2021,-183918.0,-2.94,2258041.0,-1.15,0.49,1.4,-34.5
418,EQTL3,2011,159996.0,0.29,1980528.0,8.64,1.1,0.7,19.46
419,EQTL3,2012,140995.0,0.25,2987183.0,15.1,1.37,0.71,11.36
420,EQTL3,2013,68637.0,0.07,4715036.0,66.73,1.95,0.97,2.92
421,EQTL3,2014,637756.0,0.64,6773453.0,8.62,1.94,0.81,24.81
422,EQTL3,2015,808482.0,0.81,7252942.0,8.41,1.95,0.94,25.01
423,EQTL3,2016,712217.0,0.72,7952181.0,15.17,2.69,1.36,19.19
424,EQTL3,2017,997263.0,1.0,9071420.0,13.08,2.73,1.44,22.7
425,EQTL3,2018,917935.0,0.92,11252627.0,16.14,2.65,1.32,18.88
426,EQTL3,2019,2415630.0,2.4,18796346.0,9.5,2.84,1.22,33.27
427,EQTL3,2020,2975089.0,2.94,17890069.0,7.86,2.23,1.31,31.27
428,EQTL3,2021,862956.0,2.98,8694856.0,8.53,2.37,1.35,30.44
429,BRAP4,2011,2023552.0,5.79,0.0,5.47,1.28,,25.78
430,BRAP4,2012,476737.0,1.36,0.0,24.07,1.23,,5.3
431,BRAP4,2013,-47709.0,-0.14,0.0,-183.75,0.97,,-0.52
432,BRAP4,2014,101483.0,0.29,0.0,49.25,0.56,,1.13
433,BRAP4,2015,-2590301.0,-7.43,0.0,-0.67,0.22,,-30.74
434,BRAP4,2016,629323.0,1.81,0.0,8.21,0.65,,7.95
435,BRAP4,2017,2328375.0,6.69,0.0,4.29,1.14,,27.86
436,BRAP4,2018,1190496.0,3.42,0.0,9.08,1.08,,12.69
437,BRAP4,2019,-403207.0,-1.16,0.0,-33.04,1.39,,-4.13
438,BRAP4,2020,1467052.0,4.22,0.0,15.11,1.97,,14.1
439,BRAP4,2021,3942509.0,14.55,0.0,4.43,1.67,,41.53
